   108318  30.4005  28.4821  26.8026   -38.97    -7.02   118.56   30   29   27
   108319  31.3759  28.4859  26.8074   -48.65    -5.54   120.45   31   29   27
   108381  29.3493  29.5449  26.7845   -59.05    17.59   111.49   29   30   27
   108382  30.3874  29.5253  26.7920   -44.11     9.90   114.42   30   30   27
   108383  31.3542  29.4843  26.8050   -57.12    -6.14   119.51   31   30   27
   108445  29.3521  30.5025  26.7823   -57.97     1.00   110.64   29   31   27
   108446  30.3547  30.4888  26.7992   -56.94    -4.40   117.23   30   31   27
   108447  31.3050  30.4567  26.8031   -76.40   -16.95   118.77   31   31   27
   108509  29.3292  31.4708  26.7594   -66.91   -11.45   101.63   29   32   27
   108510  30.3369  31.4472  26.7737   -63.93   -20.69   107.24   30   32   27
   108511  31.3108  31.4696  26.7857   -74.13   -11.90   111.96   31   32   27
   112350  30.3860  27.4634  27.8264   -44.69   -14.35   127.89   30   28   28
   112351  31.3523  27.4689  27.8082   -57.86   -12.19   120.76   31   28   28
   112412  28.3868  28.4790  27.7985   -44.34    -8.22   116.98   28   29   28
   112413  29.3755  28.4636  27.8235   -48.80   -14.28   126.76   29   29   28
   112414  30.3943  28.4710  27.8297   -41.42   -11.36   129.21   30   29   28
   112415  31.3619  28.4741  27.8079   -54.12   -10.14   120.67   31   29   28
   112476  28.3813  29.5143  27.7745   -46.50     5.61   107.58   28   30   28
   112477  29.3758  29.5224  27.8074   -48.67     8.77   120.45   29   30   28
   112478  30.3826  29.5175  27.8177   -46.01     6.84   124.50   30   30   28
   112479  31.3453  29.4746  27.7948   -60.62    -9.95   115.51   31   30   28
   112539  27.3952  30.5583  27.7353   -41.07    22.86    92.22   27   31   28
   112540  28.3737  30.5132  27.7567   -49.48     5.19   100.60   28   31   28
   112541  29.3795  30.4875  27.7777   -47.23    -4.89   108.81   29   31   28
   112542  30.3608  30.4762  27.7980   -54.56    -9.34   116.78   30   31   28
   112543  31.2927  30.4498  27.7873   -81.25   -19.66   112.58   31   31   28
   112603  27.3647  31.5679  27.7388   -53.02    26.61    93.56   27   32   28
   112604  28.3175  31.5353  27.7712   -71.53    13.82   106.27   28   32   28
   112605  29.3361  31.4735  27.7845   -64.22   -10.40   111.48   29   32   28
   112606  30.3543  31.4408  27.8056   -57.09   -23.18   119.77   30   32   28
   112607  31.2989  31.4668  27.7945   -78.82   -13.00   115.40   31   32   28
   116444  28.4256  27.4868  28.7601   -29.14    -5.18   101.92   28   28   29
   116445  29.4084  27.4727  28.7740   -35.89   -10.71   107.36   29   28   29
   116446  30.3738  27.4709  28.7813   -49.44   -11.39   110.22   30   28   29
   116447  31.3462  27.4663  28.7729   -60.26   -13.22   106.93   31   28   29
   116507  27.4444  28.5016  28.7599   -21.80     0.64   101.84   27   29   29
   116508  28.4012  28.4933  28.7697   -38.74    -2.64   105.67   28   29   29
   116509  29.3973  28.4715  28.7874   -40.26   -11.17   112.62   29   29   29
   116510  30.3800  28.4742  28.7885   -47.01   -10.12   113.04   30   29   29
   116511  31.3400  28.4689  28.7705   -62.70   -12.19   106.00   31   29   29
   116571  27.4189  29.4951  28.7688   -31.77    -1.92   105.34   27   30   29
   116572  28.4118  29.4867  28.7711   -34.57    -5.20   106.22   28   30   29
   116573  29.3904  29.5051  28.7929   -42.94     2.00   114.77   29   30   29
   116574  30.3772  29.4986  28.7874   -48.14    -0.55   112.64   30   30   29
   116575  31.3083  29.4733  28.7721   -75.13   -10.48   106.62   31   30   29
   116635  27.3984  30.5384  28.7525   -39.83    15.04    98.94   27   31   29
   116636  28.3970  30.5126  28.7675   -40.35     4.94   104.82   28   31   29
   116637  29.3949  30.4793  28.7880   -41.20    -8.12   112.85   29   31   29
   116638  30.3673  30.4809  28.7855   -52.01    -7.47   111.87   30   31   29
   116639  31.2777  30.4638  28.7848   -87.12   -14.20   111.59   31   31   29
   116699  27.3969  31.5529  28.7096   -40.40    20.72    82.13   27   32   29
   116700  28.3621  31.5462  28.7583   -54.04    18.10   101.23   28   32   29
   116701  29.3633  31.5153  28.8188   -53.56     5.99   124.94   29   32   29
   116702  30.3578  31.4756  28.8207   -55.73    -9.57   125.67   30   32   29
   116703  31.2745  31.4793  28.8163   -88.35    -8.10   123.96   31   32   29
   120477  29.4214  26.4914  29.7635   -30.79    -3.37   103.24   29   27   30
   120478  30.3863  26.4702  29.7696   -44.56   -11.68   105.67   30   27   30
   120479  31.3559  26.4848  29.7878   -56.48    -5.96   112.76   31   27   30
   120540  28.4473  27.5056  29.7645   -20.67     2.18   103.65   28   28   30
   120541  29.4152  27.4909  29.7860   -33.22    -3.55   112.08   29   28   30
   120542  30.3675  27.4813  29.7851   -51.90    -7.31   111.72   30   28   30
   120543  31.3664  27.4712  29.8028   -52.36   -11.27   118.64   31   28   30
   120603  27.4736  28.5299  29.7601   -10.33    11.71   101.91   27   29   30
   120604  28.4193  28.5012  29.7970   -31.62     0.48   116.39   28   29   30
   120605  29.4000  28.4803  29.7999   -39.19    -7.72   117.51   29   29   30
   120606  30.3617  28.4699  29.7824   -54.21   -11.78   110.68   30   29   30
   120607  31.3672  28.4660  29.8024   -52.03   -13.34   118.48   31   29   30
   120666  26.4677  29.5468  29.7525   -12.65    18.35    98.97   26   30   30
   120667  27.4297  29.5045  29.7955   -27.54     1.77   115.81   27   30   30
   120668  28.4155  29.4975  29.8046   -33.11    -0.97   119.35   28   30   30
   120669  29.3899  29.5002  29.7913   -43.15     0.06   114.15   29   30   30
   120670  30.3539  29.4972  29.7673   -57.26    -1.10   104.77   30   30   30
   120671  31.3326  29.4631  29.7802   -65.59   -14.48   109.79   31   30   30
   120730  26.4424  30.4927  29.7363   -22.59    -2.85    92.59   26   31   30
   120731  27.4217  30.4914  29.7720   -30.70    -3.36   106.57   27   31   30
   120732  28.4238  30.5007  29.8047   -29.85     0.28   119.38   28   31   30
   120733  29.3869  30.5015  29.8046   -44.32     0.60   119.34   29   31   30
   120734  30.3488  30.5002  29.7783   -59.24     0.07   109.05   30   31   30
   120735  31.2933  30.4917  29.7773   -81.00    -3.25   108.67   31   31   30
   120794  26.4244  31.5269  29.6929   -29.61    10.53    75.61   26   32   30
   120795  27.4282  31.5175  29.7257   -28.15     6.86    88.44   27   32   30
   120796  28.4285  31.5204  29.7679   -28.02     8.01   104.96   28   32   30
   120797  29.3827  31.5138  29.7952   -45.96     5.42   115.66   29   32   30
   120798  30.3459  31.5037  29.7952   -60.38     1.44   115.67   30   32   30
   120799  31.3002  31.5171  29.8116   -78.30     6.70   122.11   31   32   30
   124573  29.4511  26.5395  30.7301   -19.17    15.47    90.17   29   27   31
   124574  30.4113  26.5228  30.7696   -34.76     8.92   105.66   30   27   31
   124575  31.3705  26.5139  30.8029   -50.74     5.46   118.70   31   27   31
   124635  27.5190  27.5480  30.7360     7.45    18.80    92.50   27   28   31
   124636  28.4710  27.5533  30.7578   -11.37    20.90   101.00   28   28   31
   124637  29.4393  27.5137  30.7844   -23.77     5.35   111.45   29   28   31
   124638  30.3895  27.4964  30.8280   -43.31    -1.41   128.53   30   28   31
   124639  31.3715  27.4819  30.8409   -50.34    -7.09   133.60   31   28   31
   124699  27.5111  28.5639  30.7718     4.35    25.03   106.52   27   29   31
   124700  28.4388  28.5254  30.7877   -23.97     9.94   112.75   28   29   31
   124701  29.3884  28.4803  30.7995   -43.75    -7.72   117.37   29   29   31
   124702  30.3816  28.4485  30.8264   -46.41   -20.17   127.92   30   29   31
   124703  31.3662  28.4410  30.8257   -52.44   -23.12   127.65   31   29   31
   124762  26.5318  29.5551  30.7442    12.45    21.61    95.70   26   30   31
   124763  27.4558  29.5101  30.7786   -17.34     3.94   109.18   27   30   31
   124764  28.4173  29.4883  30.7967   -32.40    -4.57   116.27   28   30   31
   124765  29.3668  29.4950  30.7997   -52.20    -1.96   117.43   29   30   31
   124766  30.3588  29.4831  30.8069   -55.34    -6.60   120.24   30   30   31
   124767  31.3432  29.4448  30.8097   -61.45   -21.61   121.37   31   30   31
   124826  26.4907  30.4720  30.7438    -3.66   -10.99    95.55   26   31   31
   124827  27.4439  30.4567  30.7713   -22.00   -16.98   106.32   27   31   31
   124828  28.4330  30.4792  30.7744   -26.26    -8.13   107.52   28   31   31
   124829  29.3782  30.4949  30.7797   -47.75    -1.98   109.62   29   31   31
   124830  30.3402  30.5049  30.7883   -62.61     1.91   112.96   30   31   31
   124831  31.3114  30.4955  30.8019   -73.90    -1.75   118.31   31   31   31
   124890  26.4698  31.4630  30.7025   -11.83   -14.49    79.36   26   32   31
   124891  27.4548  31.4657  30.7335   -17.69   -13.43    91.50   27   32   31
   124892  28.4488  31.4713  30.7456   -20.08   -11.25    96.23   28   32   31
   124893  29.3945  31.4841  30.7578   -41.35    -6.22   101.02   29   32   31
   124894  30.3602  31.5107  30.7781   -54.77     4.20   108.96   30   32   31
   124895  31.3125  31.5270  30.7839   -73.48    10.57   111.23   31   32   31
   128669  29.4856  26.5933  31.7044    -5.63    36.54    80.09   29   27   32
   128670  30.4566  26.5811  31.7444   -17.02    31.78    95.76   30   27   32
   128671  31.3873  26.5469  31.7728   -44.15    18.39   106.90   31   27   32
   128731  27.5222  27.6025  31.7083     8.71    40.16    81.62   27   28   32
   128732  28.5014  27.5912  31.7275     0.56    35.74    89.15   28   28   32
   128733  29.4703  27.5620  31.7543   -11.63    24.31    99.65   29   28   32
   128734  30.4248  27.5302  31.7732   -29.46    11.82   107.04   30   28   32
   128735  31.3571  27.4976  31.7861   -55.98    -0.93   112.11   31   28   32
   128795  27.5038  28.5731  31.7354     1.49    28.66    92.26   27   29   32
   128796  28.4646  28.5387  31.7458   -13.87    15.16    96.33   28   29   32
   128797  29.4311  28.4978  31.7988   -26.99    -0.85   117.08   29   29   32
   128798  30.3887  28.4558  31.8145   -43.61   -17.32   123.25   30   29   32
   128799  31.3374  28.4309  31.7960   -63.72   -27.10   116.01   31   29   32
   128858  26.5507  29.5353  31.7112    19.88    13.84    82.76   26   30   32
   128859  27.4837  29.5073  31.7339    -6.39     2.86    91.65   27   30   32
   128860  28.4386  29.4997  31.7652   -24.07    -0.12   103.94   28   30   32
   128861  29.3951  29.4807  31.8016   -41.10    -7.55   118.20   29   30   32
   128862  30.3621  29.4657  31.8216   -54.03   -13.45   126.03   30   30   32
   128863  31.3331  29.4564  31.8138   -65.38   -17.10   122.98   31   30   32
   128922  26.5152  30.4691  31.6996     5.96   -12.11    78.22   26   31   32
   128923  27.4779  30.4592  31.7423    -8.65   -16.00    94.96   27   31   32
   128924  28.4340  30.4596  31.7724   -25.87   -15.85   106.75   28   31   32
   128925  29.4016  30.4741  31.7903   -38.58   -10.14   113.75   29   31   32
   128926  30.3554  30.4848  31.8148   -56.65    -5.96   123.36   30   31   32
   128927  31.3234  30.4787  31.8266   -69.21    -8.34   128.00   31   31   32
   128986  26.5185  31.4298  31.7158     7.25   -27.50    84.58   26   32   32
   128987  27.4707  31.4284  31.7556   -11.48   -28.06   100.17   27   32   32
   128988  28.4545  31.4382  31.7562   -17.81   -24.23   100.40   28   32   32
   128989  29.4094  31.4561  31.7615   -35.49   -17.22   102.47   29   32   32
   128990  30.3695  31.4683  31.7670   -51.15   -12.42   104.63   30   32   32
   128991  31.3266  31.4863  31.7918   -67.94    -5.38   114.33   31   32   32
   108320  32.3430  28.4836  26.7746   -61.51    -6.43   107.59   32   29   27
   108384  32.3176  29.4377  26.8033   -71.49   -24.40   118.86   32   30   27
   108385  33.3021  29.4191  26.7754   -77.56   -31.69   107.94   33   30   27
   108448  32.2903  30.4356  26.7963   -82.18   -25.23   116.11   32   31   27
   108449  33.3034  30.4302  26.7864   -77.05   -27.36   112.24   33   31   27
   108450  34.3144  30.4374  26.7537   -72.74   -24.55    99.41   34   31   27
   108512  32.2797  31.4750  26.7903   -86.34    -9.78   113.74   32   32   27
   108513  33.3071  31.4700  26.7963   -75.61   -11.74   116.10   33   32   27
   108514  34.2991  31.4551  26.7842   -78.71   -17.61   111.38   34   32   27
   112352  32.3238  27.4513  27.7899   -69.03   -19.10   113.61   32   28   28
   112353  33.3377  27.4319  27.7687   -63.61   -26.68   105.28   33   28   28
   112416  32.3012  28.4787  27.7849   -77.91    -8.36   111.63   32   29   28
   112417  33.3129  28.4414  27.7537   -73.33   -22.95    99.43   33   29   28
   112418  34.2952  28.4246  27.7402   -80.26   -29.56    94.14   34   29   28
   112480  32.2877  29.4482  27.7591   -83.19   -20.29   101.51   32   30   28
   112481  33.2787  29.4380  27.7412   -86.73   -24.31    94.51   33   30   28
   112482  34.2993  29.4257  27.7371   -78.63   -29.11    92.91   34   30   28
   112483  35.3383  29.4329  27.7409   -63.36   -26.29    94.42   35   30   28
   112544  32.2924  30.4326  27.7763   -81.33   -26.41   108.26   32   31   28
   112545  33.2843  30.4587  27.7709   -84.52   -16.18   106.17   33   31   28
   112546  34.2945  30.4676  27.7675   -80.53   -12.68   104.83   34   31   28
   112547  35.3114  30.4346  27.7460   -73.89   -25.64    96.40   35   31   28
   112608  32.2898  31.4757  27.7769   -82.37    -9.53   108.52   32   32   28
   112609  33.3104  31.4705  27.7847   -74.30   -11.58   111.58   33   32   28
   112610  34.2824  31.4792  27.7841   -85.27    -8.13   111.33   34   32   28
   112611  35.2858  31.4726  27.7666   -83.92   -10.73   104.46   35   32   28
   116448  32.3154  27.4651  28.7862   -72.32   -13.66   112.16   32   28   29
   116449  33.3223  27.4360  28.7730   -69.62   -25.07   106.97   33   28   29
   116450  34.3128  27.4122  28.7853   -73.34   -34.39   111.79   34   28   29
   116512  32.3034  28.4487  28.7852   -77.04   -20.10   111.77   32   29   29
   116513  33.2933  28.4351  28.7862   -80.99   -25.42   112.16   33   29   29
   116514  34.2998  28.4173  28.7789   -78.47   -32.40   109.30   34   29   29
   116515  35.3081  28.4080  28.7584   -75.19   -36.04   101.26   35   29   29
   116576  32.2849  29.4458  28.7745   -84.30   -21.23   107.58   32   30   29
   116577  33.2838  29.4342  28.7954   -84.73   -25.79   115.78   33   30   29
   116578  34.2976  29.4398  28.7897   -79.30   -23.58   113.53   34   30   29
   116579  35.2872  29.4353  28.7413   -83.39   -25.35    94.56   35   30   29
   116640  32.2799  30.4501  28.7782   -86.25   -19.57   109.00   32   31   29
   116641  33.2832  30.4604  28.7667   -84.97   -15.51   104.49   33   31   29
   116642  34.3129  30.4655  28.7837   -73.31   -13.52   111.16   34   31   29
   116643  35.2565  30.4563  28.7724   -95.44   -17.12   106.75   35   31   29
   116644  36.2341  30.4430  28.7077  -104.18   -22.32    81.40   36   31   29
   116704  32.2766  31.4893  28.8066   -87.54    -4.18   120.16   32   32   29
   116705  33.2992  31.4894  28.7753   -78.70    -4.16   107.86   33   32   29
   116706  34.2926  31.4889  28.7686   -81.27    -4.33   105.24   34   32   29
   116707  35.2510  31.4664  28.7665   -97.58   -13.16   104.42   35   32   29
   116708  36.2324  31.4660  28.7291  -104.86   -13.31    89.76   36   32   29
   120480  32.3117  26.4933  29.7818   -73.77    -2.61   110.42   32   27   30
   120481  33.3217  26.4805  29.7557   -69.88    -7.62   100.21   33   27   30
   120544  32.3093  27.4781  29.8065   -74.74    -8.59   120.12   32   28   30
   120545  33.3035  27.4581  29.7752   -77.01   -16.42   107.85   33   28   30
   120546  34.3170  27.4236  29.7478   -71.70   -29.94    97.12   34   28   30
   120608  32.3065  28.4558  29.8188   -75.82   -17.33   124.94   32   29   30
   120609  33.2704  28.4548  29.7880   -89.96   -17.73   112.85   33   29   30
   120610  34.2807  28.4200  29.7566   -85.92   -31.35   100.55   34   29   30
   120611  35.2827  28.3854  29.7356   -85.15   -44.91    92.32   35   29   30
   120672  32.3019  29.4273  29.8099   -77.64   -28.49   121.42   32   30   30
   120673  33.2814  29.4335  29.7998   -85.68   -26.04   117.46   33   30   30
   120674  34.2574  29.4555  29.7744   -95.08   -17.45   107.52   34   30   30
   120675  35.2498  29.4468  29.7465   -98.04   -20.85    96.58   35   30   30
   120676  36.2465  29.4107  29.7547   -99.35   -35.01    99.82   36   30   30
   120736  32.2817  30.4705  29.8023   -85.54   -11.55   118.45   32   31   30
   120737  33.2805  30.4449  29.8080   -86.02   -21.59   120.71   33   31   30
   120738  34.2981  30.4546  29.7806   -79.10   -17.79   109.97   34   31   30
   120739  35.2299  30.4754  29.7428  -105.82    -9.63    95.13   35   31   30
   120740  36.2147  30.4584  29.7632  -111.80   -16.30   103.15   36   31   30
   120800  32.2616  31.5207  29.8352   -93.44     8.10   131.34   32   32   30
   120801  33.2668  31.5143  29.8170   -91.37     5.60   124.24   33   32   30
   120802  34.2825  31.4852  29.7890   -85.22    -5.79   113.23   34   32   30
   120803  35.2323  31.4529  29.7631  -104.90   -18.44   103.11   35   32   30
   120804  36.2237  31.4756  29.7713  -108.27    -9.57   106.31   36   32   30
   124576  32.2820  26.5050  30.7944   -85.44     1.96   115.37   32   27   31
   124577  33.3127  26.4905  30.7813   -73.38    -3.71   110.22   33   27   31
   124640  32.2794  27.4966  30.8130   -86.46    -1.34   122.64   32   28   31
   124641  33.2737  27.4697  30.7971   -88.68   -11.87   116.44   33   28   31
   124642  34.2797  27.4283  30.7615   -86.34   -28.10   102.48   34   28   31
   124643  35.3286  27.3896  30.7458   -67.16   -43.24    96.31   35   28   31
   124704  32.2897  28.4380  30.7914   -82.41   -24.29   114.19   32   29   31
   124705  33.2416  28.4460  30.7837  -101.24   -21.15   111.16   33   29   31
   124706  34.2597  28.4377  30.7688   -94.18   -24.40   105.32   34   29   31
   124707  35.2726  28.4073  30.7605   -89.13   -36.31   102.09   35   29   31
   124708  36.2922  28.3663  30.7462   -81.42   -52.39    96.47   36   29   31
   124768  32.2974  29.4264  30.7905   -79.37   -28.84   113.82   32   30   31
   124769  33.2643  29.4494  30.7806   -92.37   -19.83   109.97   33   30   31
   124770  34.2454  29.4631  30.7748   -99.75   -14.44   107.67   34   30   31
   124771  35.2396  29.4402  30.7713  -102.04   -23.42   106.32   35   30   31
   124772  36.2721  29.4244  30.7683   -89.31   -29.61   105.12   36   30   31
   124832  32.2891  30.4800  30.8030   -82.63    -7.84   118.72   32   31   31
   124833  33.2791  30.4617  30.7958   -86.57   -15.02   115.93   33   31   31
   124834  34.2463  30.4659  30.7805   -99.40   -13.35   109.92   34   31   31
   124835  35.2302  30.4744  30.7531  -105.73   -10.01    99.20   35   31   31
   124836  36.2473  30.4632  30.7743   -99.04   -14.42   107.47   36   31   31
   124896  32.2788  31.5326  30.7945   -86.69    12.78   115.42   32   32   31
   124897  33.2511  31.5210  30.8057   -97.54     8.23   119.80   33   32   31
   124898  34.2505  31.4921  30.7851   -97.76    -3.08   111.71   34   32   31
   124899  35.2304  31.4861  30.7718  -105.66    -5.43   106.53   35   32   31
   124900  36.2457  31.4964  30.7915   -99.66    -1.40   114.21   36   32   31
   128672  32.2923  26.5250  31.8044   -81.38     9.80   119.29   32   27   32
   128673  33.2913  26.5057  31.8129   -81.76     2.24   122.63   33   27   32
   128736  32.2824  27.4863  31.8022   -85.26    -5.36   118.44   32   28   32
   128737  33.2618  27.4716  31.8149   -93.35   -11.12   123.39   33   28   32
   128738  34.2682  27.4472  31.8228   -90.84   -20.70   126.50   34   28   32
   128739  35.2984  27.4255  31.8044   -78.99   -29.19   119.30   35   28   32
   128800  32.2861  28.4302  31.8040   -83.82   -27.36   119.14   32   29   32
   128801  33.2462  28.4360  31.8243   -99.46   -25.09   127.10   33   29   32
   128802  34.2597  28.4291  31.8366   -94.18   -27.77   131.89   34   29   32
   128803  35.2655  28.4099  31.8389   -91.88   -35.31   132.82   35   29   32
   128804  36.2740  28.3867  31.8282   -88.55   -44.41   128.63   36   29   32
   128864  32.2844  29.4492  31.8185   -84.48   -19.89   124.82   32   30   32
   128865  33.2571  29.4454  31.8105   -95.17   -21.41   121.66   33   30   32
   128866  34.2425  29.4550  31.8091  -100.91   -17.64   121.12   34   30   32
   128867  35.2403  29.4243  31.8080  -101.77   -29.65   120.71   35   30   32
   128868  36.2701  29.4216  31.8144   -90.07   -30.72   123.21   36   30   32
   128928  32.2696  30.4705  31.8248   -90.27   -11.57   127.29   32   31   32
   128929  33.2593  30.4624  31.7942   -94.32   -14.74   115.30   33   31   32
   128930  34.2366  30.4529  31.7757  -103.23   -18.45   108.03   34   31   32
   128931  35.2248  30.4502  31.7782  -107.84   -19.50   109.01   35   31   32
   128932  36.2828  30.4592  31.7969   -85.12   -15.97   116.34   36   31   32
   128992  32.2795  31.5046  31.7956   -86.42     1.79   115.84   32   32   32
   128993  33.2446  31.5121  31.7800  -100.06     4.75   109.73   33   32   32
   128994  34.2256  31.4971  31.7625  -107.52    -1.15   102.87   34   32   32
   128995  35.2409  31.5068  31.7514  -101.53     2.65    98.50   35   32   32
   128996  36.2704  31.5040  31.7727   -89.97     1.58   106.88   36   32   32
   108573  29.2956  32.4860  26.7566   -80.11    -5.47   100.55   29   33   27
   108574  30.3542  32.4858  26.7632   -57.12    -5.58   103.14   30   33   27
   108575  31.3217  32.4841  26.7766   -69.88    -6.24   108.38   31   33   27
   108637  29.3056  33.5441  26.7533   -76.18    17.28    99.25   29   34   27
   108638  30.3121  33.5088  26.7496   -73.64     3.46    97.81   30   34   27
   108639  31.3008  33.4458  26.7359   -78.07   -21.24    92.45   31   34   27
   108702  30.2655  34.4553  26.7326   -91.88   -17.51    91.15   30   35   27
   108703  31.2881  34.4501  26.7267   -83.04   -19.54    88.85   31   35   27
   112667  27.3266  32.5458  27.7486   -67.95    17.96    97.40   27   33   28
   112668  28.2886  32.5080  27.7957   -82.83     3.15   115.86   28   33   28
   112669  29.2987  32.5055  27.8199   -78.87     2.15   125.35   29   33   28
   112670  30.3494  32.4834  27.8168   -59.01    -6.50   124.13   30   33   28
   112671  31.3132  32.4656  27.7838   -73.20   -13.47   111.23   31   33   28
   112732  28.2832  33.5251  27.8107   -84.94     9.82   121.77   28   34   28
   112733  29.2962  33.5292  27.8231   -79.85    11.43   126.59   29   34   28
   112734  30.3025  33.4996  27.8085   -77.38    -0.16   120.88   30   34   28
   112735  31.2758  33.4418  27.7948   -87.86   -22.79   115.54   31   34   28
   112796  28.2915  34.4388  27.7607   -81.71   -23.98   102.16   28   35   28
   112797  29.2972  34.4449  27.8087   -79.48   -21.61   120.95   29   35   28
   112798  30.2705  34.4485  27.8163   -89.93   -20.20   123.94   30   35   28
   112799  31.2715  34.4625  27.8207   -89.53   -14.70   125.66   31   35   28
   112861  29.2928  35.3860  27.7729   -81.19   -44.68   106.95   29   36   28
   112862  30.2938  35.3869  27.7815   -80.80   -44.33   110.30   30   36   28
   112863  31.3017  35.4193  27.7905   -77.69   -31.61   113.83   31   36   28
   116763  27.3843  32.5500  28.6942   -45.33    19.58    76.10   27   33   29
   116764  28.3468  32.5303  28.7641   -60.04    11.89   103.50   28   33   29
   116765  29.3287  32.5087  28.8215   -67.11     3.40   125.98   29   33   29
   116766  30.3281  32.4809  28.8397   -67.34    -7.48   133.10   30   33   29
   116767  31.2902  32.4621  28.8308   -82.21   -14.86   129.62   31   33   29
   116827  27.3693  33.5070  28.6871   -51.20     2.73    73.30   27   34   29
   116828  28.3411  33.5020  28.7451   -62.27     0.79    96.06   28   34   29
   116829  29.3088  33.5141  28.7943   -74.91     5.51   115.33   29   34   29
   116830  30.3096  33.4959  28.8357   -74.61    -1.62   131.56   30   34   29
   116831  31.2637  33.4805  28.8488   -92.60    -7.63   136.68   31   34   29
   116891  27.3871  34.3893  28.6730   -44.24   -43.37    67.80   27   35   29
   116892  28.3551  34.4130  28.7362   -56.78   -34.10    92.54   28   35   29
   116893  29.3307  34.4398  28.7802   -66.36   -23.60   109.79   29   35   29
   116894  30.2857  34.4465  28.8219   -83.97   -20.95   126.16   30   35   29
   116895  31.2823  34.4509  28.8531   -85.29   -19.23   138.35   31   35   29
   116956  28.3866  35.3748  28.7452   -44.43   -49.08    96.09   28   36   29
   116957  29.3329  35.3744  28.8070   -65.47   -49.20   120.31   29   36   29
   116958  30.2951  35.3771  28.8430   -80.29   -48.17   134.42   30   36   29
   116959  31.3065  35.3995  28.8460   -75.81   -39.39   135.57   31   36   29
   117022  30.3129  36.3834  28.8453   -73.30   -45.69   135.32   30   37   29
   117023  31.3276  36.3925  28.8285   -67.57   -42.13   128.73   31   37   29
   120858  26.4256  32.5215  29.6518   -29.17     8.42    59.48   26   33   30
   120859  27.4283  32.5326  29.6931   -28.08    12.77    75.66   27   33   30
   120860  28.4105  32.5132  29.7305   -35.07     5.18    90.34   28   33   30
   120861  29.3641  32.4831  29.7745   -53.26    -6.63   107.57   29   33   30
   120862  30.3518  32.4846  29.8085   -58.06    -6.03   120.90   30   33   30
   120863  31.3017  32.4765  29.8373   -77.72    -9.22   132.18   31   33   30
   120922  26.4697  33.4551  29.6157   -11.89   -17.61    45.35   26   34   30
   120923  27.4225  33.4877  29.6654   -30.39    -4.81    64.80   27   34   30
   120924  28.3817  33.4736  29.7060   -46.37   -10.36    80.74   28   34   30
   120925  29.3627  33.4737  29.7430   -53.81   -10.30    95.21   29   34   30
   120926  30.3476  33.4696  29.7804   -59.71   -11.93   109.87   30   34   30
   120927  31.2932  33.4728  29.8222   -81.04   -10.66   126.24   31   34   30
   120987  27.4533  34.3878  29.6572   -18.30   -43.97    61.61   27   35   30
   120988  28.3916  34.4324  29.7052   -42.48   -26.49    80.43   28   35   30
   120989  29.3634  34.4491  29.7204   -53.51   -19.96    86.38   29   35   30
   120990  30.3478  34.4487  29.7620   -59.65   -20.10   102.66   30   35   30
   120991  31.3133  34.4563  29.8218   -73.18   -17.12   126.11   31   35   30
   121052  28.4335  35.3755  29.7150   -26.05   -48.80    84.24   28   36   30
   121053  29.3791  35.4081  29.7439   -47.39   -36.03    95.59   29   36   30
   121054  30.3348  35.4082  29.7807   -64.73   -35.97   109.99   30   36   30
   121055  31.3158  35.3875  29.8227   -72.18   -44.10   126.45   31   36   30
   121117  29.3852  36.3487  29.7620   -45.00   -59.31   102.68   29   37   30
   121118  30.3335  36.3597  29.7866   -65.23   -54.97   112.31   30   37   30
   121119  31.3030  36.3627  29.8053   -77.18   -53.79   119.62   31   37   30
   124954  26.4753  32.4803  30.6333    -9.68    -7.71    52.23   26   33   31
   124955  27.4577  32.4887  30.6670   -16.57    -4.43    65.44   27   33   31
   124956  28.4438  32.4782  30.6917   -22.01    -8.54    75.13   28   33   31
   124957  29.4117  32.4743  30.7348   -34.59   -10.07    92.02   29   33   31
   124958  30.3671  32.4693  30.7623   -52.07   -12.02   102.79   30   33   31
   124959  31.3166  32.4642  30.7568   -71.89   -14.03   100.65   31   33   31
   125018  26.4953  33.4386  30.6071    -1.84   -24.05    41.96   26   34   31
   125019  27.4658  33.4709  30.6274   -13.41   -11.39    49.93   27   34   31
   125020  28.4271  33.4756  30.6797   -28.56    -9.56    70.43   28   34   31
   125021  29.3941  33.4501  30.7311   -41.48   -19.56    90.57   29   34   31
   125022  30.3588  33.4342  30.7419   -55.32   -25.78    94.78   30   34   31
   125023  31.3395  33.4646  30.7529   -62.91   -13.87    99.11   31   34   31
   125083  27.5049  34.4104  30.6402     1.94   -35.11    54.92   27   35   31
   125084  28.4303  34.4422  30.6919   -27.30   -22.63    75.21   28   35   31
   125085  29.3749  34.4578  30.7304   -49.01   -16.53    90.27   29   35   31
   125086  30.3754  34.4557  30.7294   -48.84   -17.37    89.90   30   35   31
   125087  31.3604  34.4630  30.7472   -54.72   -14.50    96.86   31   35   31
   125147  27.5366  35.3650  30.6779    14.34   -52.90    69.71   27   36   31
   125148  28.4648  35.3896  30.7164   -13.80   -43.26    84.81   28   36   31
   125149  29.3954  35.4196  30.7376   -40.98   -31.49    93.11   29   36   31
   125150  30.3528  35.4219  30.7424   -57.67   -30.60    94.98   30   36   31
   125151  31.3531  35.3875  30.7573   -57.56   -44.08   100.83   31   36   31
   125213  29.4013  36.3376  30.7147   -38.68   -63.63    84.15   29   37   31
   125214  30.3588  36.3466  30.7391   -55.34   -60.10    93.68   30   37   31
   125215  31.3257  36.3634  30.7702   -68.29   -53.53   105.89   31   37   31
   129050  26.5096  32.4124  31.6872     3.77   -34.34    73.38   26   33   32
   129051  27.4774  32.4193  31.7200    -8.85   -31.60    86.22   27   33   32
   129052  28.4634  32.4229  31.7158   -14.33   -30.21    84.56   28   33   32
   129053  29.4412  32.4464  31.7241   -23.06   -21.01    87.83   29   33   32
   129054  30.3677  32.4565  31.7213   -51.84   -17.03    86.73   30   33   32
   129055  31.3428  32.4478  31.7639   -61.61   -20.47   103.40   31   33   32
   129114  26.5105  33.4159  31.6112     4.12   -32.94    43.59   26   34   32
   129115  27.5024  33.4377  31.6520     0.94   -24.42    59.57   27   34   32
   129116  28.4703  33.4702  31.6640   -11.63   -11.67    64.26   28   34   32
   129117  29.4367  33.4464  31.6901   -24.82   -21.01    74.48   29   34   32
   129118  30.3612  33.4240  31.7160   -54.40   -29.79    84.66   30   34   32
   129119  31.3628  33.4516  31.7325   -53.75   -18.97    91.11   31   34   32
   129179  27.5360  34.4422  31.6329    14.12   -22.66    52.07   27   35   32
   129180  28.4813  34.4575  31.6616    -7.32   -16.66    63.33   28   35   32
   129181  29.3974  34.4559  31.6872   -40.21   -17.30    73.35   29   35   32
   129182  30.3730  34.4510  31.7034   -49.77   -19.22    79.69   30   35   32
   129183  31.3766  34.4485  31.7043   -48.35   -20.19    80.07   31   35   32
   129243  27.5655  35.3609  31.6151    25.67   -54.51    45.11   27   36   32
   129244  28.4857  35.3777  31.6334    -5.59   -47.93    52.26   28   36   32
   129245  29.4171  35.3897  31.6480   -32.47   -43.24    58.01   29   36   32
   129246  30.3784  35.4279  31.6955   -47.65   -28.24    76.62   30   36   32
   129247  31.3488  35.4150  31.7052   -59.25   -33.32    80.41   31   36   32
   129309  29.4379  36.3412  31.6478   -24.35   -62.24    57.93   29   37   32
   129310  30.4029  36.3456  31.7032   -38.05   -60.49    79.64   30   37   32
   129311  31.3364  36.3642  31.7291   -64.12   -53.23    89.78   31   37   32
   108576  32.2771  32.4818  26.7731   -87.33    -7.12   107.03   32   33   27
   108577  33.2917  32.4746  26.7850   -81.64    -9.94   111.67   33   33   27
   108578  34.2809  32.4526  26.7906   -85.84   -18.56   113.87   34   33   27
   108640  32.2869  33.4529  26.7339   -83.52   -18.45    91.64   32   34   27
   108641  33.2700  33.4487  26.7622   -90.11   -20.09   102.75   33   34   27
   108642  34.2834  33.4494  26.7859   -84.87   -19.83   112.02   34   34   27
   108704  32.3074  34.4692  26.7294   -75.48   -12.07    89.89   32   35   27
   112672  32.2798  32.4511  27.7792   -86.31   -19.17   109.41   32   33   28
   112673  33.3143  32.4614  27.7918   -72.75   -15.11   114.34   33   33   28
   112674  34.2839  32.4628  27.8118   -84.69   -14.59   122.18   34   33   28
   112675  35.2837  32.4647  27.7906   -84.78   -13.83   113.88   35   33   28
   112736  32.2892  33.4402  27.7746   -82.62   -23.45   107.60   32   34   28
   112737  33.3243  33.4451  27.8090   -68.85   -21.52   121.09   33   34   28
   112738  34.2888  33.4524  27.8286   -82.74   -18.66   128.75   34   34   28
   112739  35.2769  33.4554  27.8170   -87.44   -17.50   124.20   35   34   28
   112800  32.2992  34.4802  27.7969   -78.68    -7.75   116.35   32   35   28
   112801  33.3152  34.4782  27.8096   -72.40    -8.53   121.30   33   35   28
   112802  34.2962  34.4741  27.8337   -79.85   -10.15   130.78   34   35   28
   112864  32.3165  35.4516  27.7869   -71.89   -18.97   112.45   32   36   28
   112865  33.3172  35.4718  27.7975   -71.62   -11.05   116.56   33   36   28
   116768  32.2842  32.4658  28.8278   -84.58   -13.42   128.45   32   33   29
   116769  33.3064  32.4879  28.8017   -75.85    -4.74   118.24   33   33   29
   116770  34.2855  32.4879  28.7780   -84.05    -4.75   108.92   34   33   29
   116771  35.2441  32.4927  28.7594  -100.27    -2.87   101.64   35   33   29
   116772  36.2209  32.4949  28.7395  -109.36    -1.99    93.84   36   33   29
   116832  32.2982  33.4706  28.8553   -79.08   -11.54   139.23   32   34   29
   116833  33.3216  33.4788  28.8288   -69.90    -8.31   128.85   33   34   29
   116834  34.2729  33.4746  28.7988   -89.00    -9.94   117.09   34   34   29
   116835  35.2682  33.4742  28.7831   -90.84   -10.10   110.92   35   34   29
   116896  32.2962  34.4841  28.8707   -79.88    -6.23   145.26   32   35   29
   116897  33.3169  34.4746  28.8537   -71.77    -9.97   138.59   33   35   29
   116898  34.2797  34.4831  28.8184   -86.34    -6.64   124.78   34   35   29
   116899  35.2616  34.4861  28.7976   -93.40    -5.46   116.60   35   35   29
   116960  32.3259  35.4292  28.8527   -68.24   -27.76   138.21   32   36   29
   116961  33.3142  35.4561  28.8462   -72.80   -17.22   135.64   33   36   29
   116962  34.2785  35.4426  28.8179   -86.81   -22.50   124.56   34   36   29
   117024  32.3546  36.4102  28.8136   -56.98   -35.20   122.89   32   37   29
   120864  32.2694  32.4753  29.8455   -90.38    -9.68   135.38   32   33   30
   120865  33.2630  32.4899  29.8232   -92.89    -3.95   126.64   33   33   30
   120866  34.2569  32.4931  29.7816   -95.26    -2.70   110.33   34   33   30
   120867  35.2289  32.4966  29.7570  -106.24    -1.33   100.71   35   33   30
   120868  36.2342  32.4931  29.7773  -104.15    -2.69   108.64   36   33   30
   120928  32.2747  33.4751  29.8411   -88.28    -9.78   133.65   32   34   30
   120929  33.2830  33.4835  29.8048   -85.04    -6.46   119.44   33   34   30
   120930  34.2597  33.4901  29.7926   -94.17    -3.90   114.67   34   34   30
   120931  35.2379  33.4863  29.7639  -102.72    -5.36   103.40   35   34   30
   120932  36.2279  33.4989  29.7611  -106.61    -0.42   102.30   36   34   30
   120992  32.2831  34.4820  29.8277   -85.00    -7.04   128.41   32   35   30
   120993  33.2757  34.4833  29.7947   -87.87    -6.55   115.48   33   35   30
   120994  34.2510  34.4659  29.7725   -97.57   -13.38   106.78   34   35   30
   120995  35.2391  34.4629  29.7355  -102.25   -14.54    92.29   35   35   30
   121056  32.3128  35.3962  29.8225   -73.37   -40.68   126.39   32   36   30
   121057  33.2851  35.4375  29.7914   -84.20   -24.50   114.19   33   36   30
   121058  34.2316  35.4438  29.7547  -105.17   -22.01    99.81   34   36   30
   121059  35.2450  35.4229  29.7199   -99.91   -30.21    86.15   35   36   30
   121120  32.3373  36.3696  29.7819   -63.77   -51.11   110.46   32   37   30
   121121  33.3161  36.3822  29.7584   -72.05   -46.17   101.25   33   37   30
   124960  32.2899  32.4750  30.7887   -82.34    -9.79   113.13   32   33   31
   124961  33.2433  32.4856  30.8024  -100.58    -5.66   118.50   33   33   31
   124962  34.2299  32.4935  30.7964  -105.83    -2.57   116.13   34   33   31
   124963  35.2338  32.4893  30.7952  -104.30    -4.20   115.68   35   33   31
   124964  36.2630  32.4971  30.8094   -92.86    -1.14   121.25   36   33   31
   125024  32.2832  33.4695  30.7929   -84.95   -11.97   114.78   32   34   31
   125025  33.2665  33.4662  30.7993   -91.50   -13.25   117.29   33   34   31
   125026  34.2429  33.4891  30.7882  -100.76    -4.27   112.94   34   34   31
   125027  35.2299  33.4835  30.7839  -105.84    -6.47   111.24   35   34   31
   125028  36.2591  33.4773  30.8065   -94.40    -8.89   120.12   36   34   31
   125088  32.2777  34.4691  30.7840   -87.13   -12.11   111.28   32   35   31
   125089  33.2690  34.4770  30.7932   -90.53    -9.03   114.90   33   35   31
   125090  34.2275  34.4476  30.7881  -106.79   -20.53   112.88   34   35   31
   125091  35.2263  34.4371  30.7858  -107.24   -24.63   111.99   35   35   31
   125092  36.2750  34.4614  30.7899   -88.18   -15.12   113.59   36   35   31
   125152  32.2971  35.3901  30.7713   -79.50   -43.08   106.31   32   36   31
   125153  33.2741  35.4134  30.7743   -88.53   -33.94   107.48   33   36   31
   125154  34.2067  35.4310  30.7824  -114.92   -27.02   110.68   34   36   31
   125155  35.2462  35.4321  30.7808   -99.44   -26.61   110.04   35   36   31
   125216  32.3065  36.3409  30.7767   -75.83   -62.33   108.45   32   37   31
   125217  33.3046  36.3593  30.7582   -76.56   -55.12   101.17   33   37   31
   125218  34.2312  36.3839  30.7542  -105.35   -45.49    99.60   34   37   31
   129056  32.2934  32.4637  31.7626   -80.97   -14.24   102.92   32   33   32
   129057  33.2509  32.4702  31.7510   -97.62   -11.68    98.37   33   33   32
   129058  34.2331  32.4952  31.7606  -104.58    -1.88   102.12   34   33   32
   129059  35.2424  32.4944  31.7652  -100.93    -2.19   103.91   35   33   32
   129060  36.2665  32.4993  31.7717   -91.48    -0.29   106.46   36   33   32
   129120  32.2973  33.4674  31.7444   -79.44   -12.76    95.76   32   34   32
   129121  33.2649  33.4713  31.7420   -92.12   -11.25    94.81   33   34   32
   129122  34.2407  33.4709  31.7440  -101.61   -11.39    95.62   34   34   32
   129123  35.2419  33.4714  31.7498  -101.14   -11.21    97.88   35   34   32
   129124  36.2684  33.4692  31.7575   -90.77   -12.08   100.89   36   34   32
   129184  32.3088  34.4449  31.7220   -74.93   -21.60    87.01   32   35   32
   129185  33.2632  34.4594  31.7310   -92.80   -15.91    90.53   33   35   32
   129186  34.2386  34.4604  31.7359  -102.43   -15.50    92.44   34   35   32
   129187  35.2320  34.4475  31.7477  -105.00   -20.58    97.05   35   35   32
   129188  36.2786  34.4534  31.7608   -86.76   -18.25   102.21   36   35   32
   129248  32.3115  35.3948  31.7095   -73.88   -41.23    82.11   32   36   32
   129249  33.2883  35.4110  31.7235   -82.95   -34.87    87.57   33   36   32
   129250  34.2272  35.4207  31.7475  -106.91   -31.06    97.00   34   36   32
   129251  35.2328  35.4197  31.7506  -104.71   -31.48    98.21   35   36   32
   129312  32.3087  36.3631  31.7356   -74.94   -53.66    92.33   32   37   32
   129313  33.2861  36.3428  31.7297   -83.82   -61.60    90.00   33   37   32
   129314  34.2374  36.3351  31.7181  -102.92   -64.62    85.48   34   37   32
   132765  29.4949  26.5891  32.7214    -2.00    34.93    86.77   29   27   33
   132766  30.4877  26.5647  32.7281    -4.81    25.33    89.37   30   27   33
   132767  31.4201  26.5449  32.7626   -31.31    17.60   102.90   31   27   33
   132827  27.5293  27.6141  32.7131    11.50    44.69    83.49   27   28   33
   132828  28.5159  27.6107  32.7215     6.25    43.39    86.78   28   28   33
   132829  29.4706  27.6072  32.7069   -11.52    42.02    81.07   29   28   33
   132830  30.4405  27.5618  32.7118   -23.30    24.21    83.00   30   28   33
   132831  31.3917  27.5023  32.7530   -42.44     0.90    99.13   31   28   33
   132891  27.5290  28.5720  32.7001    11.36    28.21    78.40   27   29   33
   132892  28.4943  28.5508  32.7332    -2.24    19.92    91.37   28   29   33
   132893  29.4516  28.5180  32.7341   -18.96     7.06    91.75   29   29   33
   132894  30.3834  28.4931  32.7421   -45.69    -2.70    94.88   30   29   33
   132895  31.3510  28.4479  32.7674   -58.39   -20.42   104.77   31   29   33
   132954  26.5643  29.5292  32.6613    25.19    11.43    63.20   26   30   33
   132955  27.5259  29.5129  32.6970    10.15     5.05    77.20   27   30   33
   132956  28.4609  29.5013  32.7234   -15.33     0.49    87.53   28   30   33
   132957  29.4329  29.4838  32.7493   -26.28    -6.34    97.71   29   30   33
   132958  30.3626  29.4769  32.7782   -53.85    -9.04   109.02   30   30   33
   132959  31.3394  29.4807  32.7813   -62.93    -7.55   110.23   31   30   33
   133018  26.5574  30.4874  32.6865    22.49    -4.93    73.08   26   31   33
   133019  27.5059  30.4714  32.7051     2.32   -11.21    80.37   27   31   33
   133020  28.4559  30.4576  32.7117   -17.28   -16.60    82.97   28   31   33
   133021  29.4273  30.4508  32.7332   -28.50   -19.28    91.38   29   31   33
   133022  30.3787  30.4639  32.7670   -47.54   -14.16   104.61   30   31   33
   133023  31.3271  30.4714  32.7851   -67.74   -11.21   111.72   31   31   33
   133082  26.5666  31.4524  32.7080    26.08   -18.65    81.50   26   32   33
   133083  27.4859  31.4550  32.7256    -5.51   -17.63    88.40   27   32   33
   133084  28.4414  31.4344  32.7197   -22.98   -25.69    86.09   28   32   33
   133085  29.4143  31.4238  32.7077   -33.59   -29.84    81.38   29   32   33
   133086  30.3969  31.4109  32.7324   -40.42   -34.93    91.07   30   32   33
   133087  31.3513  31.4562  32.7673   -58.25   -17.15   104.73   31   32   33
   136862  30.5014  26.5214  33.7444     0.54     8.39    95.76   30   27   34
   136863  31.4386  26.5265  33.7371   -24.07    10.39    92.92   31   27   34
   136924  28.5123  27.5976  33.6758     4.83    38.23    68.88   28   28   34
   136925  29.4700  27.5866  33.6911   -11.76    33.93    74.90   29   28   34
   136926  30.4700  27.5552  33.7093   -11.75    21.64    82.02   30   28   34
   136927  31.4264  27.5083  33.7236   -28.83     3.24    87.62   31   28   34
   136987  27.5574  28.5638  33.6494    22.48    24.98    58.55   27   29   34
   136988  28.4998  28.5585  33.6602    -0.09    22.92    62.76   28   29   34
   136989  29.4611  28.5485  33.6754   -15.23    19.02    68.73   29   29   34
   136990  30.4144  28.5211  33.7048   -33.55     8.27    80.24   30   29   34
   136991  31.3877  28.4608  33.7323   -43.99   -15.34    91.03   31   29   34
   137051  27.5556  29.5189  33.6597    21.78     7.39    62.59   27   30   34
   137052  28.4789  29.4903  33.6841    -8.26    -3.79    72.15   28   30   34
   137053  29.4596  29.4751  33.6924   -15.82    -9.77    75.38   29   30   34
   137054  30.3835  29.4829  33.7076   -45.65    -6.69    81.37   30   30   34
   137055  31.3447  29.4689  33.7229   -60.85   -12.17    87.36   31   30   34
   137114  26.5674  30.5177  33.6563    26.40     6.92    61.26   26   31   34
   137115  27.5131  30.4867  33.6775     5.14    -5.20    69.56   27   31   34
   137116  28.4473  30.4501  33.6761   -20.67   -19.53    69.03   28   31   34
   137117  29.4462  30.4147  33.6586   -21.10   -33.43    62.16   29   31   34
   137118  30.4135  30.4149  33.6708   -33.89   -33.35    66.94   30   31   34
   137119  31.3372  30.4549  33.6932   -63.80   -17.68    75.69   31   31   34
   137178  26.5695  31.4471  33.6682    27.22   -20.75    65.90   26   32   34
   137179  27.4912  31.4570  33.6741    -3.44   -16.85    68.23   27   32   34
   137180  28.4184  31.4419  33.6663   -31.98   -22.79    65.18   28   32   34
   137181  29.4101  31.4156  33.6349   -35.22   -33.06    52.84   29   32   34
   137182  30.4336  31.4011  33.6462   -26.01   -38.77    57.30   30   32   34
   137183  31.3726  31.4267  33.6684   -49.91   -28.73    65.99   31   32   34
   141021  29.4848  27.5504  34.6913    -5.97    19.76    74.96   29   28   35
   141022  30.4599  27.5255  34.6803   -15.72    10.00    70.67   30   28   35
   141023  31.4430  27.4907  34.6673   -22.33    -3.64    65.56   31   28   35
   141084  28.5214  28.5718  34.6443     8.39    28.14    56.53   28   29   35
   141085  29.4789  28.5343  34.6567    -8.25    13.45    61.42   29   29   35
   141086  30.4237  28.5125  34.6547   -29.91     4.91    60.61   30   29   35
   141087  31.4056  28.4669  34.6569   -37.00   -12.96    61.48   31   29   35
   141147  27.5657  29.5402  34.6548    25.75    15.77    60.68   27   30   35
   141148  28.4874  29.5100  34.6490    -4.93     3.92    58.38   28   30   35
   141149  29.4467  29.4803  34.6403   -20.88    -7.73    55.00   29   30   35
   141150  30.3926  29.4524  34.6267   -42.09   -18.66    49.64   30   30   35
   141151  31.3692  29.4393  34.6460   -51.26   -23.80    57.21   31   30   35
   141211  27.5442  30.4870  34.6549    17.32    -5.09    60.72   27   31   35
   141212  28.4361  30.4447  34.6691   -25.03   -21.68    66.27   28   31   35
   141213  29.4182  30.3865  34.6518   -32.06   -44.46    59.50   29   31   35
   141214  30.4091  30.4001  34.6128   -35.62   -39.16    44.20   30   31   35
   141215  31.3655  30.4330  34.6182   -52.70   -26.25    46.30   31   31   35
   141275  27.5131  31.4244  34.6201     5.13   -29.63    47.08   27   32   35
   141276  28.3991  31.4111  34.6421   -39.52   -34.82    55.68   28   32   35
   141277  29.3922  31.4059  34.6340   -42.25   -36.88    52.51   29   32   35
   141278  30.4420  31.4019  34.6235   -22.71   -38.42    48.40   30   32   35
   141279  31.3810  31.4173  34.6149   -46.63   -32.39    45.04   31   32   35
   145181  29.4719  28.5106  35.5865   -11.03     4.17    33.89   29   29   36
   145182  30.4330  28.4920  35.5894   -26.24    -3.15    35.05   30   29   36
   145183  31.4241  28.4599  35.6221   -29.75   -15.71    47.84   31   29   36
   145244  28.4901  29.5283  35.5699    -3.89    11.07    27.40   28   30   36
   145245  29.4344  29.4743  35.5721   -25.70   -10.07    28.24   29   30   36
   145246  30.4088  29.4357  35.5815   -35.74   -25.18    31.94   30   30   36
   145247  31.3836  29.4134  35.6045   -45.60   -33.93    40.95   31   30   36
   145308  28.4529  30.4309  35.5610   -18.47   -27.08    23.89   28   31   36
   145309  29.3924  30.4021  35.5724   -42.16   -38.37    28.38   29   31   36
   145310  30.4022  30.4032  35.5760   -38.31   -37.94    29.78   30   31   36
   145311  31.3810  30.4202  35.5860   -46.64   -31.28    33.71   31   31   36
   145372  28.4354  31.4012  35.5503   -25.32   -38.73    19.69   28   32   36
   145373  29.3876  31.3940  35.5886   -44.05   -41.52    34.73   29   32   36
   145374  30.4318  31.4102  35.5835   -26.73   -35.20    32.73   30   32   36
   145375  31.3805  31.4195  35.5880   -46.84   -31.54    34.48   31   32   36
   149342  30.4278  29.4268  36.5271   -28.30   -28.68    10.60   30   30   37
   149343  31.3958  29.4026  36.5336   -40.85   -38.18    13.18   31   30   37
   149405  29.4166  30.4122  36.5062   -32.69   -34.40     2.44   29   31   37
   149406  30.4209  30.4175  36.5397   -30.99   -32.34    15.57   30   31   37
   149407  31.3765  30.4237  36.5445   -48.38   -29.90    17.44   31   31   37
   149469  29.4224  31.4166  36.5219   -30.42   -32.70     8.58   29   32   37
   149470  30.4394  31.4218  36.5619   -23.74   -30.66    24.26   30   32   37
   149471  31.3810  31.4285  36.5591   -46.64   -28.02    23.15   31   32   37
   132768  32.3182  26.5208  32.7863   -71.23     8.14   112.21   32   27   33
   132769  33.3019  26.4907  32.8076   -77.61    -3.64   120.54   33   27   33
   132832  32.3010  27.4913  32.7814   -78.00    -3.39   110.25   32   28   33
   132833  33.2935  27.4936  32.8119   -80.90    -2.49   122.21   33   28   33
   132834  34.2732  27.4698  32.8461   -88.86   -11.84   135.61   34   28   33
   132835  35.2860  27.4460  32.8489   -83.87   -21.14   136.72   35   28   33
   132896  32.3219  28.4457  32.8012   -69.78   -21.26   118.03   32   29   33
   132897  33.2774  28.4434  32.8390   -87.24   -22.19   132.82   33   29   33
   132898  34.2633  28.4378  32.8613   -92.77   -24.36   141.57   34   29   33
   132899  35.2494  28.4092  32.8374   -98.22   -35.60   132.22   35   29   33
   132960  32.2964  29.4487  32.7954   -79.79   -20.09   115.78   32   30   33
   132961  33.2706  29.4161  32.8256   -89.91   -32.89   127.58   33   30   33
   132962  34.2401  29.3967  32.8421  -101.86   -40.47   134.08   34   30   33
   132963  35.2311  29.3817  32.8194  -105.37   -46.37   125.18   35   30   33
   132964  36.2950  29.3998  32.8363   -80.32   -39.26   131.77   36   30   33
   133024  32.2674  30.4674  32.7890   -91.15   -12.78   113.26   32   31   33
   133025  33.2434  30.4514  32.8103  -100.56   -19.03   121.59   33   31   33
   133026  34.2246  30.4316  32.8073  -107.91   -26.80   120.41   34   31   33
   133027  35.2381  30.4268  32.8017  -102.62   -28.69   118.24   35   31   33
   133028  36.3066  30.4288  32.8171   -75.78   -27.91   124.26   36   31   33
   133088  32.2673  31.4686  32.7752   -91.20   -12.32   107.85   32   32   33
   133089  33.2392  31.4774  32.7823  -102.19    -8.84   110.61   33   32   33
   133090  34.2135  31.4815  32.7907  -112.28    -7.25   113.91   34   32   33
   133091  35.2366  31.4860  32.7861  -103.22    -5.49   112.13   35   32   33
   133092  36.3006  31.4776  32.7869   -78.14    -8.76   112.45   36   32   33
   136864  32.3414  26.5133  33.7579   -62.16     5.23   101.05   32   27   34
   136928  32.3332  27.5043  33.7699   -65.38     1.69   105.75   32   28   34
   136929  33.3157  27.4994  33.7891   -72.21    -0.24   113.29   33   28   34
   136930  34.3047  27.4691  33.8056   -76.51   -12.11   119.76   34   28   34
   136992  32.3453  28.4448  33.7648   -60.61   -21.64   103.76   32   29   34
   136993  33.2954  28.4467  33.7702   -80.17   -20.88   105.88   33   29   34
   136994  34.2573  28.4170  33.7641   -95.12   -32.54   103.49   34   29   34
   136995  35.2590  28.3858  33.7928   -94.43   -44.75   114.74   35   29   34
   137056  32.3289  29.4302  33.7515   -67.06   -27.35    98.55   32   30   34
   137057  33.2924  29.4126  33.7767   -81.37   -34.27   108.44   33   30   34
   137058  34.2301  29.4070  33.7688  -105.76   -36.46   105.35   34   30   34
   137059  35.2452  29.3888  33.7996   -99.84   -43.57   117.39   35   30   34
   137060  36.2934  29.3928  33.8088   -80.97   -41.99   121.00   36   30   34
   137120  32.2988  30.4493  33.7235   -78.85   -19.85    87.58   32   31   34
   137121  33.2783  30.4308  33.7705   -86.87   -27.11   105.99   33   31   34
   137122  34.2202  30.4115  33.7860  -109.65   -34.68   112.09   34   31   34
   137123  35.2508  30.4258  33.8109   -97.67   -29.07   121.81   35   31   34
   137124  36.2904  30.4228  33.8023   -82.15   -30.24   118.46   36   31   34
   137184  32.2896  31.4491  33.6966   -82.46   -19.95    77.06   32   32   34
   137185  33.2654  31.4394  33.7338   -91.94   -23.76    91.61   33   32   34
   137186  34.2293  31.4611  33.7596  -106.07   -15.25   101.75   34   32   34
   137187  35.2487  31.4553  33.7940   -98.46   -17.50   115.20   35   32   34
   137188  36.2783  31.4369  33.7947   -86.87   -24.72   115.48   36   32   34
   141024  32.3832  27.4959  34.6920   -45.78    -1.59    75.23   32   28   35
   141025  33.3203  27.4690  34.7282   -70.44   -12.15    89.42   33   28   35
   141088  32.3797  28.4349  34.6804   -47.14   -25.51    70.70   32   29   35
   141089  33.2906  28.4373  34.7063   -82.05   -24.56    80.84   33   29   35
   141090  34.2889  28.4074  34.7384   -82.71   -36.28    93.42   34   29   35
   141152  32.3663  29.4141  34.6712   -52.40   -33.67    67.08   32   30   35
   141153  33.2968  29.4129  34.6995   -79.62   -34.14    78.19   33   30   35
   141154  34.2615  29.4072  34.7354   -93.44   -36.35    92.23   34   30   35
   141155  35.2835  29.3960  34.7832   -84.84   -40.74   110.97   35   30   35
   141216  32.3477  30.4254  34.6602   -59.68   -29.25    62.79   32   31   35
   141217  33.2914  30.4090  34.6847   -81.74   -35.65    72.37   33   31   35
   141218  34.2550  30.4044  34.7069   -96.01   -37.47    81.06   34   31   35
   141219  35.2813  30.4077  34.7598   -85.70   -36.18   101.82   35   31   35
   141280  32.3291  31.4127  34.6326   -66.98   -34.19    51.96   32   32   35
   141281  33.2926  31.4063  34.6647   -81.26   -36.71    64.56   33   32   35
   141282  34.2674  31.4367  34.7031   -91.15   -24.79    79.60   34   32   35
   141283  35.2772  31.4317  34.7374   -87.30   -26.76    93.01   35   32   35
   145184  32.3900  28.4288  35.6250   -43.11   -27.90    48.97   32   29   36
   145185  33.3325  28.4172  35.6469   -65.64   -32.47    57.58   33   29   36
   145248  32.3822  29.3971  35.6058   -46.17   -40.30    41.44   32   30   36
   145249  33.3404  29.4090  35.6341   -62.54   -35.66    52.53   33   30   36
   145250  34.3163  29.3878  35.6897   -72.00   -43.97    74.33   34   30   36
   145312  32.3767  30.4140  35.5857   -48.32   -33.70    33.60   32   31   36
   145313  33.3231  30.3877  35.6245   -69.32   -44.01    48.79   33   31   36
   145314  34.3037  30.3869  35.6800   -76.90   -44.33    70.55   34   31   36
   145315  35.3183  30.3776  35.7205   -71.21   -47.98    86.39   35   31   36
   145376  32.3501  31.4003  35.5910   -58.76   -39.06    35.67   32   32   36
   145377  33.3303  31.4038  35.6206   -66.51   -37.69    47.26   33   32   36
   145378  34.3127  31.4255  35.6606   -73.40   -29.20    62.95   34   32   36
   145379  35.2937  31.4117  35.6966   -80.85   -34.62    77.02   35   32   36
   149344  32.3902  29.3800  36.5494   -43.04   -47.04    19.37   32   30   37
   149408  32.3837  30.4079  36.5471   -45.57   -36.09    18.48   32   31   37
   149409  33.3822  30.3916  36.5737   -46.18   -42.48    28.90   33   31   37
   149472  32.3708  31.4427  36.5740   -50.63   -22.46    29.02   32   32   37
   149473  33.3643  31.4284  36.6088   -53.16   -28.04    42.63   33   32   37
   133146  26.5652  32.3643  32.7059    25.54   -53.20    80.70   26   33   33
   133147  27.4842  32.3708  32.7363    -6.18   -50.64    92.60   27   33   33
   133148  28.4398  32.3799  32.7233   -23.58   -47.05    87.49   28   33   33
   133149  29.4233  32.4049  32.6812   -30.07   -37.26    71.00   29   33   33
   133150  30.4011  32.4250  32.6946   -38.74   -29.39    76.27   30   33   33
   133151  31.3826  32.4102  32.7328   -46.00   -35.19    91.24   31   33   33
   133210  26.5571  33.3741  32.6815    22.38   -49.33    71.14   26   34   33
   133211  27.5201  33.3974  32.7031     7.89   -40.21    79.59   27   34   33
   133212  28.4478  33.4370  32.6932   -20.45   -24.70    75.72   28   34   33
   133213  29.4487  33.4304  32.6662   -20.10   -27.27    65.12   29   34   33
   133214  30.3813  33.4157  32.6775   -46.50   -33.05    69.54   30   34   33
   133215  31.3872  33.4097  32.6990   -44.20   -35.38    77.99   31   34   33
   133275  27.5552  34.3818  32.6454    21.62   -46.32    56.97   27   35   33
   133276  28.4808  34.4196  32.6443    -7.52   -31.51    56.54   28   35   33
   133277  29.4162  34.4340  32.6459   -32.84   -25.87    57.18   29   35   33
   133278  30.3799  34.4298  32.6629   -47.06   -27.52    63.84   30   35   33
   133279  31.3932  34.4311  32.6722   -41.86   -26.98    67.47   31   35   33
   133339  27.5704  35.3492  32.5946    27.58   -59.08    37.08   27   36   33
   133340  28.5023  35.3572  32.6077     0.90   -55.95    42.21   28   36   33
   133341  29.4470  35.3699  32.6358   -20.77   -51.00    53.20   29   36   33
   133342  30.4000  35.4230  32.6424   -39.20   -30.18    55.79   30   36   33
   133343  31.3639  35.4184  32.6545   -53.33   -31.97    60.56   31   36   33
   133405  29.4471  36.3866  32.6571   -20.73   -44.45    61.55   29   37   33
   133406  30.4395  36.3719  32.6521   -23.71   -50.20    59.58   30   37   33
   133407  31.3494  36.3986  32.6666   -59.00   -39.75    65.30   31   37   33
   137242  26.5955  32.3601  33.6502    37.40   -54.83    58.85   26   33   34
   137243  27.4966  32.3716  33.6617    -1.33   -50.31    63.36   27   33   34
   137244  28.4122  32.3894  33.6656   -34.42   -43.34    64.88   28   33   34
   137245  29.4111  32.4108  33.6543   -34.84   -34.95    60.47   29   33   34
   137246  30.4267  32.4183  33.6637   -28.72   -32.03    64.13   30   33   34
   137247  31.3964  32.4026  33.6629   -40.61   -38.16    63.85   31   33   34
   137306  26.5905  33.3360  33.6320    35.45   -64.26    51.72   26   34   34
   137307  27.5229  33.3503  33.6467     8.96   -58.66    57.50   27   34   34
   137308  28.4491  33.3934  33.6630   -19.96   -41.77    63.86   28   34   34
   137309  29.4354  33.4255  33.6671   -25.33   -29.20    65.48   29   34   34
   137310  30.4056  33.4183  33.6762   -37.01   -32.03    69.05   30   34   34
   137311  31.3944  33.4027  33.6820   -41.40   -38.11    71.33   31   34   34
   137371  27.5582  34.3422  33.6108    22.80   -61.83    43.42   27   35   34
   137372  28.4890  34.3806  33.6191    -4.33   -46.80    46.66   28   35   34
   137373  29.4404  34.4053  33.6429   -23.37   -37.12    55.99   29   35   34
   137374  30.3887  34.4013  33.6620   -43.60   -38.68    63.47   30   35   34
   137375  31.3992  34.3965  33.6586   -39.51   -40.58    62.14   31   35   34
   137436  28.5289  35.3650  33.6298    11.32   -52.90    50.87   28   36   34
   137437  29.4590  35.3950  33.6444   -16.06   -41.13    56.59   29   36   34
   137438  30.3984  35.4207  33.6449   -39.82   -31.08    56.79   30   36   34
   137439  31.3746  35.4179  33.6460   -49.15   -32.17    57.21   31   36   34
   137501  29.4711  36.3928  33.6651   -11.34   -42.02    64.71   29   37   34
   137502  30.4136  36.3874  33.6610   -33.84   -44.12    63.11   30   37   34
   137503  31.3574  36.3893  33.6400   -55.87   -43.39    54.84   31   37   34
   141339  27.5167  32.3585  34.5891     6.54   -55.45    34.93   27   33   35
   141340  28.4186  32.3849  34.6183   -31.91   -45.11    46.37   28   33   35
   141341  29.4082  32.4244  34.6211   -35.99   -29.62    47.46   29   33   35
   141342  30.4279  32.4285  34.6140   -28.26   -28.00    44.67   30   33   35
   141343  31.3875  32.4093  34.6090   -44.10   -35.54    42.70   31   33   35
   141403  27.5458  33.3378  34.5849    17.93   -63.55    33.27   27   34   35
   141404  28.4514  33.3724  34.6010   -19.03   -50.01    39.58   28   34   35
   141405  29.4423  33.4008  34.5969   -22.60   -38.89    37.97   29   34   35
   141406  30.4046  33.4052  34.5933   -37.40   -37.13    36.55   30   34   35
   141407  31.3905  33.3878  34.5834   -42.92   -43.95    32.67   31   34   35
   141467  27.5585  34.3503  34.6053    22.91   -58.66    41.28   27   35   35
   141468  28.4930  34.3767  34.6038    -2.76   -48.32    40.66   28   35   35
   141469  29.4453  34.4036  34.5870   -21.42   -37.77    34.11   29   35   35
   141470  30.3940  34.3857  34.5795   -41.52   -44.79    31.15   30   35   35
   141471  31.3929  34.3929  34.5835   -41.98   -41.98    32.72   31   35   35
   141532  28.5292  35.3890  34.6190    11.46   -43.51    46.63   28   36   35
   141533  29.4534  35.4173  34.6143   -18.26   -32.40    44.79   29   36   35
   141534  30.3898  35.4300  34.5871   -43.18   -27.43    34.14   30   36   35
   141535  31.3820  35.4166  34.5925   -46.26   -32.66    36.25   31   36   35
   145436  28.4474  32.3763  35.5699   -20.62   -48.46    27.39   28   33   36
   145437  29.3989  32.4086  35.5914   -39.60   -35.81    35.81   29   33   36
   145438  30.4239  32.4041  35.5861   -29.81   -37.60    33.73   30   33   36
   145439  31.3789  32.3840  35.5766   -47.47   -45.46    30.03   31   33   36
   145500  28.4765  33.3664  35.5695    -9.21   -52.37    27.23   28   34   36
   145501  29.4256  33.3829  35.5868   -29.17   -45.90    34.03   29   34   36
   145502  30.3985  33.3863  35.5679   -39.76   -44.56    26.61   30   34   36
   145503  31.3906  33.3824  35.5743   -42.88   -46.10    29.10   31   34   36
   145565  29.4278  34.4164  35.5867   -28.27   -32.76    33.96   29   35   36
   145566  30.3945  34.4008  35.5758   -41.36   -38.87    29.69   30   35   36
   145567  31.3950  34.4043  35.5799   -41.15   -37.50    31.30   31   35   36
   145631  31.3944  35.4388  35.6019   -41.39   -23.97    39.91   31   36   36
   149533  29.4363  32.4229  36.5450   -24.95   -30.23    17.62   29   33   37
   149534  30.4076  32.4083  36.5703   -36.21   -35.95    27.55   30   33   37
   149535  31.3965  32.3806  36.5723   -40.58   -46.78    28.35   31   33   37
   149598  30.3909  33.3754  36.5668   -42.76   -48.81    26.18   30   34   37
   149599  31.3983  33.3858  36.5656   -39.84   -44.75    25.71   31   34   37
   133152  32.2710  32.4398  32.7512   -89.75   -23.59    98.42   32   33   33
   133153  33.2576  32.4477  32.7533   -95.00   -20.49    99.27   33   33   33
   133154  34.2305  32.4736  32.7607  -105.59   -10.35   102.17   34   33   33
   133155  35.2438  32.4847  32.7506  -100.38    -6.01    98.18   35   33   33
   133156  36.2793  32.4840  32.7514   -86.50    -6.28    98.53   36   33   33
   133216  32.3077  33.4350  32.7262   -75.34   -25.47    88.64   32   34   33
   133217  33.2540  33.4486  32.7263   -96.41   -20.15    88.67   33   34   33
   133218  34.2432  33.4376  32.7151  -100.65   -24.44    84.28   34   34   33
   133219  35.2454  33.4421  32.7192   -99.75   -22.70    85.91   35   34   33
   133220  36.2853  33.4561  32.7290   -84.13   -17.19    89.74   36   34   33
   133280  32.3199  34.4231  32.6943   -70.56   -30.12    76.15   32   35   33
   133281  33.2656  34.4424  32.6916   -91.83   -22.56    75.08   33   35   33
   133282  34.2393  34.4642  32.6857  -102.16   -14.01    72.76   34   35   33
   133283  35.2567  34.4598  32.7051   -95.34   -15.76    80.36   35   35   33
   133284  36.2862  34.4590  32.7252   -83.77   -16.07    88.23   36   35   33
   133344  32.3276  35.3976  32.6816   -67.55   -40.13    71.18   32   36   33
   133345  33.2907  35.4108  32.6815   -82.02   -34.96    71.12   33   36   33
   133346  34.2473  35.4131  32.6796   -99.02   -34.07    70.37   34   36   33
   133347  35.2377  35.4103  32.7087  -102.80   -35.14    81.79   35   36   33
   133408  32.3146  36.3813  32.6766   -72.63   -46.52    69.19   32   37   33
   133409  33.2785  36.3561  32.6823   -86.81   -56.40    71.43   33   37   33
   133410  34.2457  36.3372  32.6953   -99.63   -63.78    76.54   34   37   33
   137248  32.2988  32.4277  33.6793   -78.83   -28.33    70.27   32   33   34
   137249  33.2714  32.4326  33.7077   -89.56   -26.42    81.38   33   33   34
   137250  34.2502  32.4351  33.7395   -97.89   -25.45    93.85   34   33   34
   137251  35.2240  32.4420  33.7566  -108.14   -22.73   100.55   35   33   34
   137252  36.2746  32.4356  33.7308   -88.34   -25.25    90.43   36   33   34
   137312  32.3267  33.4192  33.6824   -67.92   -31.68    71.48   32   34   34
   137313  33.2455  33.4143  33.6942   -99.71   -33.57    76.10   33   34   34
   137314  34.2522  33.3909  33.7064   -97.11   -42.74    80.89   34   34   34
   137315  35.2509  33.4168  33.7259   -97.60   -32.62    88.52   35   34   34
   137316  36.2685  33.4427  33.6972   -90.72   -22.44    77.27   36   34   34
   137376  32.3338  34.3941  33.6624   -65.11   -41.48    63.64   32   35   34
   137377  33.2460  34.4117  33.6657   -99.54   -34.62    64.93   33   35   34
   137378  34.2553  34.4324  33.6693   -95.90   -26.48    66.33   34   35   34
   137379  35.2788  34.4360  33.6886   -86.69   -25.08    73.90   35   35   34
   137440  32.3344  35.3838  33.6404   -64.88   -45.54    55.02   32   36   34
   137441  33.2778  35.3991  33.6348   -87.05   -39.54    52.80   33   36   34
   137442  34.2643  35.4178  33.6413   -92.38   -32.21    55.36   34   36   34
   137504  32.3095  36.3722  33.6333   -74.66   -50.09    52.23   32   37   34
   137505  33.2962  36.3607  33.6267   -79.85   -54.57    49.66   33   37   34
   141344  32.3177  32.4214  34.6041   -71.45   -30.80    40.78   32   33   35
   141345  33.3079  32.4134  34.6413   -75.29   -33.95    55.37   33   33   35
   141346  34.2861  32.4190  34.6757   -83.81   -31.74    68.84   34   33   35
   141347  35.2393  32.4095  34.7112  -102.15   -35.45    82.75   35   33   35
   141408  32.3395  33.4142  34.5940   -62.91   -33.63    36.85   32   34   35
   141409  33.2747  33.4088  34.6259   -88.28   -35.74    49.34   33   34   35
   141410  34.2876  33.3821  34.6813   -83.22   -46.21    71.04   34   34   35
   141411  35.2368  33.3903  34.6853  -103.13   -42.98    72.61   35   34   35
   141472  32.3480  34.3770  34.5848   -59.57   -48.19    33.21   32   35   35
   141473  33.2823  34.3970  34.6358   -85.31   -40.38    53.22   33   35   35
   141474  34.2645  34.4032  34.6752   -92.28   -37.94    68.64   34   35   35
   141475  35.2686  34.3978  34.6648   -90.67   -40.04    64.58   35   35   35
   141536  32.3309  35.3926  34.6039   -66.25   -42.07    40.70   32   36   35
   141537  33.2938  35.3706  34.6275   -80.80   -50.72    49.98   33   36   35
   141538  34.2792  35.3867  34.6456   -86.51   -44.42    57.07   34   36   35
   145440  32.3485  32.4045  35.6019   -59.36   -37.41    39.94   32   33   36
   145441  33.3417  32.3962  35.6308   -62.04   -40.68    51.24   33   33   36
   145442  34.3199  32.4068  35.6585   -70.57   -36.53    62.09   34   33   36
   145443  35.2502  32.3809  35.6745   -97.88   -46.69    68.37   35   33   36
   145504  32.3579  33.3953  35.5749   -55.67   -41.04    29.37   32   34   36
   145505  33.3346  33.4017  35.6191   -64.80   -38.52    46.66   33   34   36
   145506  34.3114  33.3816  35.6464   -73.89   -46.40    57.37   34   34   36
   145568  32.3681  34.4014  35.5884   -51.69   -38.64    34.63   32   35   36
   145569  33.3329  34.4064  35.6099   -65.47   -36.66    43.06   33   35   36
   145570  34.2788  34.3852  35.6287   -86.67   -45.00    50.44   34   35   36
   145632  32.3497  35.4160  35.6118   -58.88   -32.92    43.83   32   36   36
   149536  32.3802  32.3990  36.6033   -46.93   -39.58    40.49   32   33   37
   149537  33.3526  32.3959  36.6206   -57.76   -40.79    47.27   33   33   37
   149600  32.3840  33.3880  36.5962   -45.47   -43.91    37.71   32   34   37
   149601  33.3516  33.3892  36.6059   -58.14   -43.43    41.51   33   34   37
